11	-0.240757	-0.0232736	1.73935	0.0553949	0.850701	0.106574	0.0210253	-0.429251	1
50	-0.250083	-0.375015	-0.54443	-0.140334	-0.136191	0.00409271	-0.622058	-0.408072	1
68	-0.29671	-0.174433	-0.714837	1.43742	-0.356572	-0.525493	-0.0883891	-0.544493	0
114	-0.292677	-0.142196	-0.714837	-0.402013	-0.226379	-0.687557	-0.618775	0.507816	0
64	-0.156325	0.125084	-0.692406	-0.499426	-0.347601	-0.795545	-0.867693	-0.368439	0
14	0.0778182	0.852712	1.16229	-0.291772	-0.0908221	-0.622879	2.14863	-0.143193	1
5	-0.290913	-0.454363	0.0949391	0.110052	-0.159809	0.444017	0.214298	-0.000656113	1
59	-0.347369	-0.45443	-0.714837	-0.47977	-0.274989	-0.819789	-0.876915	-0.504608	0
91	0.121169	-0.119318	-0.714837	-0.468087	-0.407507	-0.842471	-0.920485	0.863952	0
77	-0.236221	-0.45443	-0.422833	0.170179	-0.3173	0.486916	0.501823	-0.544786	1
7	-0.207236	0.929547	1.60308	0.325296	-0.0898701	1.06877	1.00458	-0.144802	1
30	-0.308807	-0.45443	2.35776	0.287302	-0.0572257	2.04288	1.37823	-0.458527	1
1	0.966755	-0.12252	0.806675	-0.170316	-0.230407	-0.147123	-0.0885454	-0.547471	1
9	0.195268	3.19251	-0.152114	-0.485647	-0.251352	-0.682955	-0.684854	0.243695	1
105	-0.372321	-0.377505	-0.714837	-0.604967	-0.403205	-0.838444	-0.832993	0.977253	0
27	-0.347873	0.126996	0.602213	-0.432377	-0.248057	-0.609976	-0.11203	-0.381442	1
107	-0.117259	0.991554	-0.232818	-0.380588	-0.298516	-0.78897	-0.679109	5.54178	0
87	-0.337288	-0.306672	-0.652594	-0.543678	-0.396137	-0.83376	-0.837526	-0.525734	0
47	-0.240253	-0.294444	-0.54443	0.0744425	-0.0887715	0.909993	0.313591	-0.50389	1
38	-0.279319	-0.45443	-0.646705	-0.0749769	1.86557	-0.434599	-0.179164	-0.301671	1
90	-0.0857542	1.61369	-0.714837	-0.267066	-0.315579	-0.762507	-0.679617	2.36427	0
8	-0.156829	-0.261473	0.969936	0.0609206	-0.196152	0.53713	0.634683	-0.25224	1
109	0.137803	3.58389	-0.714837	0.333012	9.89121	1.38879	2.57097	-0.167962	0
102	-0.0482006	0.303923	0.0360487	-0.396721	-0.327315	-0.630851	-0.514519	-0.0732741	0
40	-0.338044	-0.45443	-0.210762	0.223979	-0.123283	1.5714	0.507411	-0.3889	1
81	-0.116755	-0.45443	-0.625774	-0.53279	-0.393666	-0.820857	-0.841472	0.00640361	0
99	-0.372321	4.61795	-0.714837	-0.41227	-0.270467	-0.70161	-0.357314	-0.443091	0
84	-0.219334	-0.454363	-0.714837	-0.587642	-0.36688	-0.781081	-0.75015	0.561289	0
25	-0.328214	-0.315143	1.53941	0.279882	0.0074771	2.01584	1.54263	-0.499223	1
23	-0.230424	-0.250735	1.2789	-0.338573	-0.290423	-0.662656	-0.266227	-0.259166	1
44	-0.201187	-0.0527985	-0.45916	0.000153625	-0.105945	0.484451	0.293545	-0.481275	1
16	-0.23244	-0.250735	3.19282	0.454008	0.669555	1.83069	1.901	-0.374927	1
31	-0.328214	-0.45443	1.36805	-0.414982	-0.269625	-0.808201	-0.598455	-0.372468	1
75	-0.0504689	-0.45443	-0.335314	2.6957	-0.399378	-0.765466	-0.850382	-0.56078	0
36	0.0919324	-0.25198	-0.670261	-0.486309	-0.198386	-0.79349	-0.698296	-0.164319	1
55	-0.101885	-0.224589	-0.563751	-0.567674	-0.233044	-0.803517	-0.862652	4.39753	0
33	-0.289149	-0.45443	1.10885	0.308735	-0.129783	2.00015	1.77845	-0.440246	1
61	8.06086	-0.45443	-0.714837	-0.540405	-0.278248	-0.778944	-0.759294	-0.490927	0
4	-0.324434	-0.45443	2.76958	-0.461478	-0.263033	-0.683037	-0.687276	-0.528632	1
65	-0.316369	-0.45443	-0.714837	-0.558252	-0.298717	-0.792586	-0.838776	3.05569	0
58	1.57795	7.10958	-0.692406	-0.505341	-0.20386	-0.809845	-0.807593	1.60009	0
76	-0.307043	-0.45443	-0.400953	1.0161	-0.389949	-0.676051	-0.740577	-0.514938	0
110	-0.335019	0.200075	0.491071	0.257569	1.36203	0.024474	0.377442	-0.536423	0
74	-0.34258	-0.370279	-0.466593	-0.375694	-0.404431	-0.696926	-0.809508	-0.540531	0
67	-0.320149	-0.379595	0.244988	-0.425386	-0.3606	0.0460059	-0.626551	-0.516666	0
111	-0.313848	0.328423	-0.714837	-0.478196	0.913555	-0.575378	1.49855	-0.504342	0
54	-0.240253	-0.234038	-0.572838	-0.121941	0.0627876	-0.107594	0.281822	-0.145573	1
6	0.0947048	-0.241642	0.176481	0.0816048	0.102353	0.743326	3.0874	-0.369237	1
101	-0.372321	0.381893	-0.439618	6.61638	0.0384554	0.221219	-0.0138701	-0.368479	0
92	-0.353418	-0.454252	-0.714837	-0.478967	-0.407507	-0.843129	-0.932911	0.552195	0
115	-0.372321	-0.270544	-0.714837	-0.584392	-0.253971	-0.734976	-0.44762	-0.415278	0
32	-0.357451	-0.357251	0.873219	0.234905	-0.159132	0.557593	0.422459	-0.338924	1
41	1.76269	-0.0326558	-0.22254	0.40628	-0.0466799	2.09351	1.3855	-0.499237	1
63	-0.372321	-0.45443	-0.714837	-0.530857	-0.274733	-0.798586	-0.813845	-0.360927	0
80	-0.313848	-0.454341	-0.714837	-0.580214	-0.407178	-0.836308	-0.890357	0.823708	0
103	-0.372321	-0.013847	1.56652	3.43151	-0.266933	-0.581212	-0.480952	-0.460508	0
10	0.03598	-0.45443	0.617299	0.240361	0.0391511	0.530966	0.500729	-0.0487579	1
46	-0.191358	0.954114	-0.189124	0.0821815	1.0211	0.374654	0.724599	-0.411715	1
45	-0.372069	-0.354872	-0.558634	0.247975	-0.137528	2.11775	0.883562	-0.541249	1
112	-0.228912	0.114502	-0.714837	-0.486473	-0.351116	-0.126167	-0.047984	0.326005	0
98	-0.310068	-0.166207	-0.633449	-0.608911	-0.315854	-0.795298	-0.849522	-0.51777	0
18	-0.106673	0.730099	1.8596	-0.3886	0.797807	-0.361538	-0.341253	0.0673751	1
73	-0.0771849	-0.398248	-0.532233	-0.485078	-0.302196	-0.683448	-0.7836	-0.516002	1
3	-0.307799	-0.321034	1.0689	0.0135509	-0.134653	-0.558201	-0.349069	-0.537819	1
83	-0.345353	-0.283128	-0.714837	-0.584704	-0.142745	-0.833596	-0.883323	-0.53859	0
42	-0.142715	-0.234038	-0.198984	0.157678	-0.175664	1.47631	0.602992	-0.358707	1
37	-0.289149	-0.45443	-0.599571	-0.130156	0.172182	-0.0361768	-0.483492	-0.415889	1
17	-0.290913	-0.169008	0.707598	0.473336	0.147795	2.39766	1.46951	-0.40185	1
49	-0.171951	-0.254181	-0.515999	-0.184727	-0.187382	-0.0351085	-0.17764	-0.335281	1
19	-0.274278	-0.18944	3.61996	0.507402	-0.0189606	2.66459	1.99842	-0.395574	1
34	-0.250083	-0.209872	-0.328587	0.0863746	0.0228198	0.493408	0.572044	-0.473298	1
48	-0.298978	-0.33473	-0.473364	-0.145182	-0.19531	3.1272	2.59132	-0.393833	1
43	-0.347873	-0.415278	0.0382543	0.296584	0.0735714	1.93358	0.485684	-0.446402	1
106	-0.271254	-0.291932	-0.714837	-0.54162	-0.334419	-0.770233	-0.724243	2.80657	0
2	-0.198667	-0.45443	0.926551	0.198307	0.208341	0.641173	4.16814	-0.562933	1
21	-0.298978	-0.250735	2.08612	-0.419081	0.310174	-0.714431	-0.819316	-0.542233	1
51	-0.372069	-0.45443	-0.686539	0.25771	-0.0902546	1.95577	0.536992	-0.540332	1
24	-0.328214	-0.294088	1.07267	0.229559	0.15272	1.7854	1.38065	-0.440977	1
96	-0.372069	-0.404406	-0.714837	-0.617406	-0.390315	-0.831212	-0.937366	0.826753	0
57	-0.355182	-0.45443	-0.714837	-0.545899	-0.338282	-0.806886	-0.911615	-0.0799482	0
	f0	f1	f2	f3	f4	f5	f6	f7	clase
28	4.18603	-0.420414	0.767172	-0.107843	-0.0173495	-0.149014	-0.171388	-0.532727	1
15	-0.290913	-0.18944	0.99883	0.397722	0.0826891	2.13188	1.86939	-0.365301	1
86	-0.219334	0.146094	-0.714837	-0.607539	-0.288373	-0.820364	-0.880705	0.872488	0
78	-0.280579	-0.45443	-0.444713	0.249417	-0.316861	0.153008	0.790716	-0.52366	1
53	-0.328214	-0.375015	-0.714837	0.0730786	-0.0507444	0.715713	0.681184	-0.55243	1
60	-0.372069	-0.45443	-0.714837	-0.577401	-0.358953	-0.820775	-0.890045	-0.53633	0
26	-0.123056	-0.357251	2.15813	0.86608	0.168447	0.275213	0.654964	-0.353389	1
95	-0.281335	0.469022	-0.714837	-0.239259	-0.299486	-0.119428	-0.137626	-0.164465	0
22	-0.289149	-0.148576	1.32233	-0.380456	-0.0290487	-0.624194	-0.51362	-0.257996	1
71	-0.307043	-0.45443	-0.532233	5.5944	-0.235589	-0.637015	-0.685049	-0.553919	0
94	-0.303011	-0.454207	-0.714837	0.147079	0.264677	0.356574	-0.0943287	-0.485184	0
72	-0.0504689	-0.379595	-0.488473	-0.311225	0.27645	-0.251331	-0.486657	-0.214521	0
104	-0.372321	-0.270544	-0.714837	0.501767	-0.251206	0.912951	1.01197	-0.539866	1
108	0.121925	-0.31332	-0.714837	-0.515418	-0.359721	-0.81305	-0.755035	0.502644	0
52	-0.289149	-0.0729412	-0.686539	-0.521489	-0.0176607	-0.73325	-0.769103	-0.407872	1
12	0.497209	0.0362652	2.20419	-0.0563346	-0.123686	-0.148931	0.014265	0.259995	1
79	-0.211269	-0.475328	-0.693884	-0.595318	-0.344049	-0.780916	-0.884769	0.927729	0
56	-0.372321	-0.482265	-0.692406	0.0758298	0.485516	-0.609237	-0.541951	-0.0715856	0
29	-0.308807	-0.378305	1.87471	0.29568	0.394998	1.91961	1.42251	-0.454206	1
70	1.24979	-0.239708	-0.357194	-0.350248	-0.0605945	1.52036	0.575561	-0.436696	0
88	-0.274278	0.0638781	-0.652594	-0.557738	0.942739	-0.0832675	-0.153881	2.95909	0
113	-0.372321	0.0615659	-0.714837	-0.410251	-0.150673	-0.621071	-0.570359	-0.551061	0
69	-0.351402	-0.45443	-0.379074	0.0805527	-0.286231	0.121614	-0.365598	-0.564064	1
35	2.60298	-0.45443	-0.714837	-0.142579	-0.292163	-0.171203	-0.366302	-0.549	1
93	2.24862	1.14394	-0.714837	-0.414374	-0.36915	-0.809023	-0.876563	2.57367	0
66	-0.372321	-0.45443	-0.714837	-0.590938	-0.29489	-0.825295	-0.925878	0.0337783	0
13	2.00641	-0.0463955	-0.0078655	-0.0843137	-0.211257	-0.135618	-0.344067	-0.54214	1
82	0.434452	-0.267943	-0.660248	-0.589567	-0.371311	-0.831541	-0.873398	0.488259	0
39	-0.279319	-0.0414376	-0.587793	-0.318481	0.084282	-0.54875	-0.212457	-0.426486	1
97	-0.310068	-0.285307	-0.652594	-0.604694	-0.401227	-0.79234	-0.802122	1.1437	0
89	-0.372069	-0.265453	-0.714837	-0.574938	-0.345093	-0.813872	-0.886176	0.508919	0
85	-0.258652	-0.384731	-0.714837	-0.611233	-0.407507	-0.837705	-0.906066	-0.172948	0
100	-0.276547	0.456772	-0.222474	-0.132868	-0.0272544	-0.0878697	-0.0502895	-0.339057	0
62	-0.335775	0.511575	-0.714837	-0.490736	-0.273744	-0.784532	-0.758513	-0.430448	0
20	-0.23244	-0.00553203	1.03767	-0.391266	-0.0950331	-0.706952	0.0878852	-0.392596	1
