70	1.24979	-0.239708	-0.357194	-0.350248	-0.0605945	1.52036	0.575561	-0.436696	0
96	-0.372069	-0.404406	-0.714837	-0.617406	-0.390315	-0.831212	-0.937366	0.826753	0
38	-0.279319	-0.45443	-0.646705	-0.0749769	1.86557	-0.434599	-0.179164	-0.301671	1
10	0.03598	-0.45443	0.617299	0.240361	0.0391511	0.530966	0.500729	-0.0487579	1
20	-0.23244	-0.00553203	1.03767	-0.391266	-0.0950331	-0.706952	0.0878852	-0.392596	1
103	-0.372321	-0.013847	1.56652	3.43151	-0.266933	-0.581212	-0.480952	-0.460508	0
37	-0.289149	-0.45443	-0.599571	-0.130156	0.172182	-0.0361768	-0.483492	-0.415889	1
4	-0.324434	-0.45443	2.76958	-0.461478	-0.263033	-0.683037	-0.687276	-0.528632	1
105	-0.372321	-0.377505	-0.714837	-0.604967	-0.403205	-0.838444	-0.832993	0.977253	0
9	0.195268	3.19251	-0.152114	-0.485647	-0.251352	-0.682955	-0.684854	0.243695	1
53	-0.328214	-0.375015	-0.714837	0.0730786	-0.0507444	0.715713	0.681184	-0.55243	1
75	-0.0504689	-0.45443	-0.335314	2.6957	-0.399378	-0.765466	-0.850382	-0.56078	0
44	-0.201187	-0.0527985	-0.45916	0.000153625	-0.105945	0.484451	0.293545	-0.481275	1
27	-0.347873	0.126996	0.602213	-0.432377	-0.248057	-0.609976	-0.11203	-0.381442	1
34	-0.250083	-0.209872	-0.328587	0.0863746	0.0228198	0.493408	0.572044	-0.473298	1
28	4.18603	-0.420414	0.767172	-0.107843	-0.0173495	-0.149014	-0.171388	-0.532727	1
45	-0.372069	-0.354872	-0.558634	0.247975	-0.137528	2.11775	0.883562	-0.541249	1
92	-0.353418	-0.454252	-0.714837	-0.478967	-0.407507	-0.843129	-0.932911	0.552195	0
93	2.24862	1.14394	-0.714837	-0.414374	-0.36915	-0.809023	-0.876563	2.57367	0
7	-0.207236	0.929547	1.60308	0.325296	-0.0898701	1.06877	1.00458	-0.144802	1
51	-0.372069	-0.45443	-0.686539	0.25771	-0.0902546	1.95577	0.536992	-0.540332	1
43	-0.347873	-0.415278	0.0382543	0.296584	0.0735714	1.93358	0.485684	-0.446402	1
88	-0.274278	0.0638781	-0.652594	-0.557738	0.942739	-0.0832675	-0.153881	2.95909	0
50	-0.250083	-0.375015	-0.54443	-0.140334	-0.136191	0.00409271	-0.622058	-0.408072	1
25	-0.328214	-0.315143	1.53941	0.279882	0.0074771	2.01584	1.54263	-0.499223	1
114	-0.292677	-0.142196	-0.714837	-0.402013	-0.226379	-0.687557	-0.618775	0.507816	0
108	0.121925	-0.31332	-0.714837	-0.515418	-0.359721	-0.81305	-0.755035	0.502644	0
26	-0.123056	-0.357251	2.15813	0.86608	0.168447	0.275213	0.654964	-0.353389	1
94	-0.303011	-0.454207	-0.714837	0.147079	0.264677	0.356574	-0.0943287	-0.485184	0
21	-0.298978	-0.250735	2.08612	-0.419081	0.310174	-0.714431	-0.819316	-0.542233	1
62	-0.335775	0.511575	-0.714837	-0.490736	-0.273744	-0.784532	-0.758513	-0.430448	0
97	-0.310068	-0.285307	-0.652594	-0.604694	-0.401227	-0.79234	-0.802122	1.1437	0
95	-0.281335	0.469022	-0.714837	-0.239259	-0.299486	-0.119428	-0.137626	-0.164465	0
101	-0.372321	0.381893	-0.439618	6.61638	0.0384554	0.221219	-0.0138701	-0.368479	0
115	-0.372321	-0.270544	-0.714837	-0.584392	-0.253971	-0.734976	-0.44762	-0.415278	0
102	-0.0482006	0.303923	0.0360487	-0.396721	-0.327315	-0.630851	-0.514519	-0.0732741	0
82	0.434452	-0.267943	-0.660248	-0.589567	-0.371311	-0.831541	-0.873398	0.488259	0
87	-0.337288	-0.306672	-0.652594	-0.543678	-0.396137	-0.83376	-0.837526	-0.525734	0
61	8.06086	-0.45443	-0.714837	-0.540405	-0.278248	-0.778944	-0.759294	-0.490927	0
42	-0.142715	-0.234038	-0.198984	0.157678	-0.175664	1.47631	0.602992	-0.358707	1
5	-0.290913	-0.454363	0.0949391	0.110052	-0.159809	0.444017	0.214298	-0.000656113	1
8	-0.156829	-0.261473	0.969936	0.0609206	-0.196152	0.53713	0.634683	-0.25224	1
79	-0.211269	-0.475328	-0.693884	-0.595318	-0.344049	-0.780916	-0.884769	0.927729	0
33	-0.289149	-0.45443	1.10885	0.308735	-0.129783	2.00015	1.77845	-0.440246	1
13	2.00641	-0.0463955	-0.0078655	-0.0843137	-0.211257	-0.135618	-0.344067	-0.54214	1
78	-0.280579	-0.45443	-0.444713	0.249417	-0.316861	0.153008	0.790716	-0.52366	1
112	-0.228912	0.114502	-0.714837	-0.486473	-0.351116	-0.126167	-0.047984	0.326005	0
41	1.76269	-0.0326558	-0.22254	0.40628	-0.0466799	2.09351	1.3855	-0.499237	1
22	-0.289149	-0.148576	1.32233	-0.380456	-0.0290487	-0.624194	-0.51362	-0.257996	1
48	-0.298978	-0.33473	-0.473364	-0.145182	-0.19531	3.1272	2.59132	-0.393833	1
36	0.0919324	-0.25198	-0.670261	-0.486309	-0.198386	-0.79349	-0.698296	-0.164319	1
99	-0.372321	4.61795	-0.714837	-0.41227	-0.270467	-0.70161	-0.357314	-0.443091	0
31	-0.328214	-0.45443	1.36805	-0.414982	-0.269625	-0.808201	-0.598455	-0.372468	1
98	-0.310068	-0.166207	-0.633449	-0.608911	-0.315854	-0.795298	-0.849522	-0.51777	0
14	0.0778182	0.852712	1.16229	-0.291772	-0.0908221	-0.622879	2.14863	-0.143193	1
57	-0.355182	-0.45443	-0.714837	-0.545899	-0.338282	-0.806886	-0.911615	-0.0799482	0
110	-0.335019	0.200075	0.491071	0.257569	1.36203	0.024474	0.377442	-0.536423	0
29	-0.308807	-0.378305	1.87471	0.29568	0.394998	1.91961	1.42251	-0.454206	1
