87	-0.337288	-0.306672	-0.652594	-0.543678	-0.396137	-0.83376	-0.837526	-0.525734	0
97	-0.310068	-0.285307	-0.652594	-0.604694	-0.401227	-0.79234	-0.802122	1.1437	0
7	-0.207236	0.929547	1.60308	0.325296	-0.0898701	1.06877	1.00458	-0.144802	1
44	-0.201187	-0.0527985	-0.45916	0.000153625	-0.105945	0.484451	0.293545	-0.481275	1
56	-0.372321	-0.482265	-0.692406	0.0758298	0.485516	-0.609237	-0.541951	-0.0715856	0
88	-0.274278	0.0638781	-0.652594	-0.557738	0.942739	-0.0832675	-0.153881	2.95909	0
35	2.60298	-0.45443	-0.714837	-0.142579	-0.292163	-0.171203	-0.366302	-0.549	1
	f0	f1	f2	f3	f4	f5	f6	f7	clase
10	0.03598	-0.45443	0.617299	0.240361	0.0391511	0.530966	0.500729	-0.0487579	1
9	0.195268	3.19251	-0.152114	-0.485647	-0.251352	-0.682955	-0.684854	0.243695	1
106	-0.271254	-0.291932	-0.714837	-0.54162	-0.334419	-0.770233	-0.724243	2.80657	0
115	-0.372321	-0.270544	-0.714837	-0.584392	-0.253971	-0.734976	-0.44762	-0.415278	0
85	-0.258652	-0.384731	-0.714837	-0.611233	-0.407507	-0.837705	-0.906066	-0.172948	0
42	-0.142715	-0.234038	-0.198984	0.157678	-0.175664	1.47631	0.602992	-0.358707	1
1	0.966755	-0.12252	0.806675	-0.170316	-0.230407	-0.147123	-0.0885454	-0.547471	1
101	-0.372321	0.381893	-0.439618	6.61638	0.0384554	0.221219	-0.0138701	-0.368479	0
6	0.0947048	-0.241642	0.176481	0.0816048	0.102353	0.743326	3.0874	-0.369237	1
5	-0.290913	-0.454363	0.0949391	0.110052	-0.159809	0.444017	0.214298	-0.000656113	1
63	-0.372321	-0.45443	-0.714837	-0.530857	-0.274733	-0.798586	-0.813845	-0.360927	0
4	-0.324434	-0.45443	2.76958	-0.461478	-0.263033	-0.683037	-0.687276	-0.528632	1
57	-0.355182	-0.45443	-0.714837	-0.545899	-0.338282	-0.806886	-0.911615	-0.0799482	0
3	-0.307799	-0.321034	1.0689	0.0135509	-0.134653	-0.558201	-0.349069	-0.537819	1
11	-0.240757	-0.0232736	1.73935	0.0553949	0.850701	0.106574	0.0210253	-0.429251	1
94	-0.303011	-0.454207	-0.714837	0.147079	0.264677	0.356574	-0.0943287	-0.485184	0
61	8.06086	-0.45443	-0.714837	-0.540405	-0.278248	-0.778944	-0.759294	-0.490927	0
2	-0.198667	-0.45443	0.926551	0.198307	0.208341	0.641173	4.16814	-0.562933	1
91	0.121169	-0.119318	-0.714837	-0.468087	-0.407507	-0.842471	-0.920485	0.863952	0
12	0.497209	0.0362652	2.20419	-0.0563346	-0.123686	-0.148931	0.014265	0.259995	1
84	-0.219334	-0.454363	-0.714837	-0.587642	-0.36688	-0.781081	-0.75015	0.561289	0
52	-0.289149	-0.0729412	-0.686539	-0.521489	-0.0176607	-0.73325	-0.769103	-0.407872	1
113	-0.372321	0.0615659	-0.714837	-0.410251	-0.150673	-0.621071	-0.570359	-0.551061	0
69	-0.351402	-0.45443	-0.379074	0.0805527	-0.286231	0.121614	-0.365598	-0.564064	1
17	-0.290913	-0.169008	0.707598	0.473336	0.147795	2.39766	1.46951	-0.40185	1
105	-0.372321	-0.377505	-0.714837	-0.604967	-0.403205	-0.838444	-0.832993	0.977253	0
81	-0.116755	-0.45443	-0.625774	-0.53279	-0.393666	-0.820857	-0.841472	0.00640361	0
18	-0.106673	0.730099	1.8596	-0.3886	0.797807	-0.361538	-0.341253	0.0673751	1
96	-0.372069	-0.404406	-0.714837	-0.617406	-0.390315	-0.831212	-0.937366	0.826753	0
98	-0.310068	-0.166207	-0.633449	-0.608911	-0.315854	-0.795298	-0.849522	-0.51777	0
13	2.00641	-0.0463955	-0.0078655	-0.0843137	-0.211257	-0.135618	-0.344067	-0.54214	1
75	-0.0504689	-0.45443	-0.335314	2.6957	-0.399378	-0.765466	-0.850382	-0.56078	0
107	-0.117259	0.991554	-0.232818	-0.380588	-0.298516	-0.78897	-0.679109	5.54178	0
16	-0.23244	-0.250735	3.19282	0.454008	0.669555	1.83069	1.901	-0.374927	1
39	-0.279319	-0.0414376	-0.587793	-0.318481	0.084282	-0.54875	-0.212457	-0.426486	1
73	-0.0771849	-0.398248	-0.532233	-0.485078	-0.302196	-0.683448	-0.7836	-0.516002	1
74	-0.34258	-0.370279	-0.466593	-0.375694	-0.404431	-0.696926	-0.809508	-0.540531	0
54	-0.240253	-0.234038	-0.572838	-0.121941	0.0627876	-0.107594	0.281822	-0.145573	1
47	-0.240253	-0.294444	-0.54443	0.0744425	-0.0887715	0.909993	0.313591	-0.50389	1
114	-0.292677	-0.142196	-0.714837	-0.402013	-0.226379	-0.687557	-0.618775	0.507816	0
23	-0.230424	-0.250735	1.2789	-0.338573	-0.290423	-0.662656	-0.266227	-0.259166	1
26	-0.123056	-0.357251	2.15813	0.86608	0.168447	0.275213	0.654964	-0.353389	1
22	-0.289149	-0.148576	1.32233	-0.380456	-0.0290487	-0.624194	-0.51362	-0.257996	1
65	-0.316369	-0.45443	-0.714837	-0.558252	-0.298717	-0.792586	-0.838776	3.05569	0
20	-0.23244	-0.00553203	1.03767	-0.391266	-0.0950331	-0.706952	0.0878852	-0.392596	1
14	0.0778182	0.852712	1.16229	-0.291772	-0.0908221	-0.622879	2.14863	-0.143193	1
92	-0.353418	-0.454252	-0.714837	-0.478967	-0.407507	-0.843129	-0.932911	0.552195	0
48	-0.298978	-0.33473	-0.473364	-0.145182	-0.19531	3.1272	2.59132	-0.393833	1
100	-0.276547	0.456772	-0.222474	-0.132868	-0.0272544	-0.0878697	-0.0502895	-0.339057	0
38	-0.279319	-0.45443	-0.646705	-0.0749769	1.86557	-0.434599	-0.179164	-0.301671	1
