112	-0.228912	0.114502	-0.714837	-0.486473	-0.351116	-0.126167	-0.047984	0.326005	0
16	-0.23244	-0.250735	3.19282	0.454008	0.669555	1.83069	1.901	-0.374927	1
15	-0.290913	-0.18944	0.99883	0.397722	0.0826891	2.13188	1.86939	-0.365301	1
46	-0.191358	0.954114	-0.189124	0.0821815	1.0211	0.374654	0.724599	-0.411715	1
25	-0.328214	-0.315143	1.53941	0.279882	0.0074771	2.01584	1.54263	-0.499223	1
100	-0.276547	0.456772	-0.222474	-0.132868	-0.0272544	-0.0878697	-0.0502895	-0.339057	0
3	-0.307799	-0.321034	1.0689	0.0135509	-0.134653	-0.558201	-0.349069	-0.537819	1
27	-0.347873	0.126996	0.602213	-0.432377	-0.248057	-0.609976	-0.11203	-0.381442	1
80	-0.313848	-0.454341	-0.714837	-0.580214	-0.407178	-0.836308	-0.890357	0.823708	0
79	-0.211269	-0.475328	-0.693884	-0.595318	-0.344049	-0.780916	-0.884769	0.927729	0
94	-0.303011	-0.454207	-0.714837	0.147079	0.264677	0.356574	-0.0943287	-0.485184	0
67	-0.320149	-0.379595	0.244988	-0.425386	-0.3606	0.0460059	-0.626551	-0.516666	0
104	-0.372321	-0.270544	-0.714837	0.501767	-0.251206	0.912951	1.01197	-0.539866	1
14	0.0778182	0.852712	1.16229	-0.291772	-0.0908221	-0.622879	2.14863	-0.143193	1
32	-0.357451	-0.357251	0.873219	0.234905	-0.159132	0.557593	0.422459	-0.338924	1
60	-0.372069	-0.45443	-0.714837	-0.577401	-0.358953	-0.820775	-0.890045	-0.53633	0
92	-0.353418	-0.454252	-0.714837	-0.478967	-0.407507	-0.843129	-0.932911	0.552195	0
48	-0.298978	-0.33473	-0.473364	-0.145182	-0.19531	3.1272	2.59132	-0.393833	1
72	-0.0504689	-0.379595	-0.488473	-0.311225	0.27645	-0.251331	-0.486657	-0.214521	0
11	-0.240757	-0.0232736	1.73935	0.0553949	0.850701	0.106574	0.0210253	-0.429251	1
24	-0.328214	-0.294088	1.07267	0.229559	0.15272	1.7854	1.38065	-0.440977	1
109	0.137803	3.58389	-0.714837	0.333012	9.89121	1.38879	2.57097	-0.167962	0
4	-0.324434	-0.45443	2.76958	-0.461478	-0.263033	-0.683037	-0.687276	-0.528632	1
65	-0.316369	-0.45443	-0.714837	-0.558252	-0.298717	-0.792586	-0.838776	3.05569	0
87	-0.337288	-0.306672	-0.652594	-0.543678	-0.396137	-0.83376	-0.837526	-0.525734	0
56	-0.372321	-0.482265	-0.692406	0.0758298	0.485516	-0.609237	-0.541951	-0.0715856	0
108	0.121925	-0.31332	-0.714837	-0.515418	-0.359721	-0.81305	-0.755035	0.502644	0
53	-0.328214	-0.375015	-0.714837	0.0730786	-0.0507444	0.715713	0.681184	-0.55243	1
95	-0.281335	0.469022	-0.714837	-0.239259	-0.299486	-0.119428	-0.137626	-0.164465	0
37	-0.289149	-0.45443	-0.599571	-0.130156	0.172182	-0.0361768	-0.483492	-0.415889	1
111	-0.313848	0.328423	-0.714837	-0.478196	0.913555	-0.575378	1.49855	-0.504342	0
13	2.00641	-0.0463955	-0.0078655	-0.0843137	-0.211257	-0.135618	-0.344067	-0.54214	1
57	-0.355182	-0.45443	-0.714837	-0.545899	-0.338282	-0.806886	-0.911615	-0.0799482	0
93	2.24862	1.14394	-0.714837	-0.414374	-0.36915	-0.809023	-0.876563	2.57367	0
30	-0.308807	-0.45443	2.35776	0.287302	-0.0572257	2.04288	1.37823	-0.458527	1
50	-0.250083	-0.375015	-0.54443	-0.140334	-0.136191	0.00409271	-0.622058	-0.408072	1
68	-0.29671	-0.174433	-0.714837	1.43742	-0.356572	-0.525493	-0.0883891	-0.544493	0
39	-0.279319	-0.0414376	-0.587793	-0.318481	0.084282	-0.54875	-0.212457	-0.426486	1
73	-0.0771849	-0.398248	-0.532233	-0.485078	-0.302196	-0.683448	-0.7836	-0.516002	1
98	-0.310068	-0.166207	-0.633449	-0.608911	-0.315854	-0.795298	-0.849522	-0.51777	0
9	0.195268	3.19251	-0.152114	-0.485647	-0.251352	-0.682955	-0.684854	0.243695	1
70	1.24979	-0.239708	-0.357194	-0.350248	-0.0605945	1.52036	0.575561	-0.436696	0
91	0.121169	-0.119318	-0.714837	-0.468087	-0.407507	-0.842471	-0.920485	0.863952	0
2	-0.198667	-0.45443	0.926551	0.198307	0.208341	0.641173	4.16814	-0.562933	1
42	-0.142715	-0.234038	-0.198984	0.157678	-0.175664	1.47631	0.602992	-0.358707	1
38	-0.279319	-0.45443	-0.646705	-0.0749769	1.86557	-0.434599	-0.179164	-0.301671	1
106	-0.271254	-0.291932	-0.714837	-0.54162	-0.334419	-0.770233	-0.724243	2.80657	0
41	1.76269	-0.0326558	-0.22254	0.40628	-0.0466799	2.09351	1.3855	-0.499237	1
10	0.03598	-0.45443	0.617299	0.240361	0.0391511	0.530966	0.500729	-0.0487579	1
110	-0.335019	0.200075	0.491071	0.257569	1.36203	0.024474	0.377442	-0.536423	0
84	-0.219334	-0.454363	-0.714837	-0.587642	-0.36688	-0.781081	-0.75015	0.561289	0
40	-0.338044	-0.45443	-0.210762	0.223979	-0.123283	1.5714	0.507411	-0.3889	1
12	0.497209	0.0362652	2.20419	-0.0563346	-0.123686	-0.148931	0.014265	0.259995	1
96	-0.372069	-0.404406	-0.714837	-0.617406	-0.390315	-0.831212	-0.937366	0.826753	0
22	-0.289149	-0.148576	1.32233	-0.380456	-0.0290487	-0.624194	-0.51362	-0.257996	1
18	-0.106673	0.730099	1.8596	-0.3886	0.797807	-0.361538	-0.341253	0.0673751	1
45	-0.372069	-0.354872	-0.558634	0.247975	-0.137528	2.11775	0.883562	-0.541249	1
29	-0.308807	-0.378305	1.87471	0.29568	0.394998	1.91961	1.42251	-0.454206	1
